* Measurement data measured by REW V5.40 beta 114
* Source: /Users/dms/Documents/FR things/Targets/KEMAR DF (KB50xx)  Target.txt
* Format: Comma/Tab/Space delimited data
* Dated: Oct 22, 2024, 11:14:36 AM
* REW Settings:
*  C-weighting compensation: Off
*  Target level: 75.0 dB
* Note: Measurement imported from /Users/dms/Documents/FR things/Targets/KEMAR DF (KB50xx)  Target.txt Format: Comma/Tab/Space delimited data 480 values loaded, 20 Hz to 20,186 Hz log spaced
* Measurement: KEMAR DF (KB50xx)  Target
* Smoothing: Psychoacoustic
* Frequency Step: 1/96 octave
* Start Frequency: 20.000 Hz
*
* Freq(Hz), SPL(dB)
20.000000, -0.006
20.144928, -0.006
20.290907, -0.006
20.437943, -0.005
20.586044, -0.005
20.735220, -0.005
20.885475, -0.005
21.036821, -0.005
21.189262, -0.005
21.342808, -0.005
21.497467, -0.004
21.653246, -0.004
21.810154, -0.004
21.968201, -0.004
22.127390, -0.004
22.287735, -0.003
22.449242, -0.003
22.611917, -0.003
22.775772, -0.003
22.940815, -0.003
23.107054, -0.002
23.274498, -0.002
23.443153, -0.002
23.613033, -0.002
23.784142, -0.001
23.956491, -0.001
24.130091, -0.001
24.304947, -0.001
24.481071, -0.000
24.658470, -0.000
24.837156, 0.000
25.017136, 0.000
25.198421, 0.001
25.381020, 0.001
25.564941, 0.001
25.750195, 0.001
25.936790, 0.002
26.124741, 0.002
26.314051, 0.002
26.504732, 0.003
26.696796, 0.003
26.890253, 0.003
27.085112, 0.003
27.281382, 0.004
27.479073, 0.004
27.678198, 0.004
27.878765, 0.005
28.080786, 0.005
28.284271, 0.005
28.489231, 0.005
28.695675, 0.006
28.903616, 0.006
29.113064, 0.006
29.324028, 0.007
29.536524, 0.007
29.750557, 0.007
29.966141, 0.008
30.183289, 0.008
30.402010, 0.008
30.622314, 0.009
30.844217, 0.009
31.067726, 0.009
31.292856, 0.010
31.519617, 0.010
31.748020, 0.010
31.978081, 0.011
32.209808, 0.011
32.443211, 0.011
32.678310, 0.012
32.915108, 0.012
33.153625, 0.012
33.393871, 0.013
33.635857, 0.013
33.879597, 0.013
34.125103, 0.014
34.372387, 0.014
34.621464, 0.015
34.872345, 0.015
35.125042, 0.015
35.379574, 0.016
35.635948, 0.016
35.894180, 0.017
36.154285, 0.017
36.416275, 0.017
36.680161, 0.018
36.945961, 0.018
37.213688, 0.019
37.483353, 0.019
37.754974, 0.019
38.028561, 0.020
38.304131, 0.020
38.581699, 0.021
38.861279, 0.021
39.142883, 0.021
39.426529, 0.022
39.712231, 0.022
40.000000, 0.023
40.289856, 0.023
40.581814, 0.024
40.875885, 0.024
41.172089, 0.024
41.470440, 0.025
41.770950, 0.025
42.073643, 0.026
42.378525, 0.026
42.685616, 0.027
42.994934, 0.027
43.306492, 0.028
43.620308, 0.028
43.936401, 0.029
44.254780, 0.029
44.575470, 0.029
44.898483, 0.030
45.223835, 0.030
45.551544, 0.031
45.881630, 0.031
46.214108, 0.032
46.548996, 0.032
46.886307, 0.033
47.226067, 0.033
47.568283, 0.034
47.912983, 0.034
48.260181, 0.035
48.609894, 0.035
48.962143, 0.036
49.316940, 0.036
49.674313, 0.037
50.034271, 0.037
50.396843, 0.037
50.762039, 0.038
51.129883, 0.038
51.500389, 0.039
51.873581, 0.039
52.249481, 0.040
52.628101, 0.040
53.009464, 0.041
53.393593, 0.041
53.780506, 0.042
54.170223, 0.042
54.562763, 0.043
54.958145, 0.044
55.356396, 0.044
55.757530, 0.045
56.161572, 0.045
56.568542, 0.046
56.978462, 0.046
57.391350, 0.047
57.807232, 0.047
58.226128, 0.048
58.648056, 0.048
59.073048, 0.049
59.501114, 0.050
59.932281, 0.050
60.366577, 0.051
60.804020, 0.051
61.244629, 0.052
61.688435, 0.053
62.135452, 0.053
62.585712, 0.054
63.039234, 0.054
63.496040, 0.055
63.956161, 0.056
64.419617, 0.056
64.886421, 0.057
65.356621, 0.058
65.830215, 0.058
66.307251, 0.059
66.787743, 0.060
67.271713, 0.061
67.759193, 0.061
68.250206, 0.062
68.744774, 0.063
69.242928, 0.064
69.744690, 0.064
70.250084, 0.065
70.759148, 0.066
71.271896, 0.067
71.788361, 0.068
72.308571, 0.069
72.832550, 0.069
73.360321, 0.070
73.891922, 0.071
74.427376, 0.072
74.966705, 0.073
75.509949, 0.074
76.057121, 0.075
76.608261, 0.076
77.163399, 0.077
77.722557, 0.078
78.285767, 0.079
78.853058, 0.080
79.424461, 0.081
80.000000, 0.082
80.579712, 0.084
81.163628, 0.085
81.751770, 0.086
82.344177, 0.087
82.940880, 0.088
83.541901, 0.090
84.147285, 0.091
84.757050, 0.092
85.371231, 0.093
85.989868, 0.095
86.612984, 0.096
87.240616, 0.097
87.872803, 0.099
88.509560, 0.100
89.150940, 0.102
89.796967, 0.103
90.447670, 0.104
91.103088, 0.106
91.763260, 0.107
92.428215, 0.109
93.097992, 0.110
93.772614, 0.112
94.452133, 0.113
95.136566, 0.115
95.825966, 0.116
96.520363, 0.117
97.219788, 0.119
97.924286, 0.120
98.633881, 0.122
99.348625, 0.124
100.068542, 0.125
100.793686, 0.127
101.524078, 0.128
102.259766, 0.130
103.000778, 0.131
103.747162, 0.133
104.498962, 0.134
105.256203, 0.136
106.018929, 0.137
106.787186, 0.139
107.561012, 0.141
108.340446, 0.142
109.125526, 0.144
109.916290, 0.146
110.712791, 0.147
111.515060, 0.149
112.323143, 0.151
113.137085, 0.153
113.956924, 0.155
114.782700, 0.156
115.614464, 0.158
116.452255, 0.160
117.296112, 0.162
118.146095, 0.164
119.002228, 0.166
119.864563, 0.168
120.733154, 0.170
121.608040, 0.173
122.489258, 0.175
123.376869, 0.177
124.270905, 0.179
125.171425, 0.182
126.078468, 0.184
126.992081, 0.187
127.912323, 0.189
128.839233, 0.192
129.772842, 0.195
130.713242, 0.197
131.660431, 0.200
132.614502, 0.203
133.575485, 0.206
134.543427, 0.209
135.518387, 0.212
136.500412, 0.215
137.489548, 0.219
138.485855, 0.222
139.489380, 0.225
140.500168, 0.229
141.518295, 0.232
142.543793, 0.235
143.576721, 0.239
144.617142, 0.243
145.665100, 0.246
146.720642, 0.250
147.783844, 0.254
148.854752, 0.258
149.933411, 0.262
151.019897, 0.265
152.114243, 0.269
153.216522, 0.273
154.326797, 0.278
155.445114, 0.282
156.571533, 0.286
157.706116, 0.290
158.848923, 0.294
160.000000, 0.299
161.159424, 0.303
162.327255, 0.308
163.503540, 0.312
164.688354, 0.317
165.881760, 0.321
167.083801, 0.326
168.294571, 0.331
169.514099, 0.335
170.742462, 0.340
171.979736, 0.345
173.225967, 0.350
174.481232, 0.355
175.745605, 0.360
177.019119, 0.365
178.301880, 0.370
179.593933, 0.375
180.895340, 0.381
182.206177, 0.386
183.526520, 0.392
184.856430, 0.397
186.195984, 0.403
187.545227, 0.408
188.904266, 0.414
190.273132, 0.420
191.651932, 0.425
193.040726, 0.431
194.439575, 0.437
195.848572, 0.443
197.267761, 0.450
198.697250, 0.456
200.137085, 0.462
201.587372, 0.468
203.048157, 0.475
204.519531, 0.481
206.001556, 0.488
207.494324, 0.495
208.997925, 0.502
210.512405, 0.509
212.037857, 0.516
213.574371, 0.523
215.122025, 0.530
216.680893, 0.537
218.251053, 0.544
219.832581, 0.552
221.425583, 0.559
223.030121, 0.567
224.646286, 0.575
226.274170, 0.583
227.913849, 0.591
229.565399, 0.599
231.228928, 0.607
232.904510, 0.615
234.592224, 0.624
236.292191, 0.632
238.004456, 0.641
239.729126, 0.649
241.466309, 0.658
243.216080, 0.667
244.978516, 0.676
246.753738, 0.685
248.541809, 0.694
250.342850, 0.704
252.156937, 0.713
253.984161, 0.722
255.824646, 0.732
257.678467, 0.742
259.545685, 0.752
261.426483, 0.762
263.320862, 0.772
265.229004, 0.782
267.150970, 0.792
269.086853, 0.803
271.036774, 0.813
273.000824, 0.824
274.979095, 0.835
276.971710, 0.846
278.978760, 0.857
281.000336, 0.868
283.036591, 0.880
285.087585, 0.892
287.153442, 0.903
289.234283, 0.915
291.330200, 0.927
293.441284, 0.940
295.567688, 0.952
297.709503, 0.965
299.866821, 0.977
302.039795, 0.990
304.228485, 1.003
306.433044, 1.017
308.653595, 1.030
310.890228, 1.044
313.143066, 1.057
315.412231, 1.071
317.697845, 1.085
320.000000, 1.100
322.318848, 1.114
324.654510, 1.129
327.007080, 1.143
329.376709, 1.158
331.763519, 1.173
334.167603, 1.188
336.589142, 1.203
339.028198, 1.219
341.484924, 1.234
343.959473, 1.250
346.451935, 1.266
348.962463, 1.282
351.491211, 1.298
354.038239, 1.314
356.603760, 1.331
359.187866, 1.347
361.790680, 1.364
364.412354, 1.381
367.053040, 1.398
369.712860, 1.415
372.391968, 1.433
375.090454, 1.450
377.808533, 1.468
380.546265, 1.486
383.303864, 1.504
386.081451, 1.522
388.879150, 1.541
391.697144, 1.559
394.535522, 1.578
397.394501, 1.597
400.274170, 1.616
403.174744, 1.636
406.096313, 1.655
409.039062, 1.675
412.003113, 1.695
414.988647, 1.715
417.995850, 1.736
421.024811, 1.756
424.075714, 1.777
427.148743, 1.798
430.244049, 1.819
433.361786, 1.840
436.502106, 1.862
439.665161, 1.883
442.851166, 1.905
446.060242, 1.927
449.292572, 1.949
452.548340, 1.971
455.827698, 1.994
459.130798, 2.016
462.457855, 2.038
465.809021, 2.061
469.184448, 2.083
472.584381, 2.106
476.008911, 2.129
479.458252, 2.151
482.932617, 2.174
486.432159, 2.197
489.957031, 2.220
493.507477, 2.242
497.083618, 2.265
500.685699, 2.287
504.313873, 2.310
507.968323, 2.332
511.649292, 2.355
515.356934, 2.377
519.091370, 2.399
522.852966, 2.421
526.641724, 2.443
530.458008, 2.464
534.301941, 2.486
538.173706, 2.507
542.073547, 2.528
546.001648, 2.549
549.958191, 2.570
553.943420, 2.590
557.957520, 2.610
562.000671, 2.630
566.073181, 2.650
570.175171, 2.669
574.306885, 2.689
578.468567, 2.707
582.660400, 2.726
586.882568, 2.744
591.135376, 2.762
595.419006, 2.780
599.733643, 2.797
604.079590, 2.814
608.456970, 2.831
612.866089, 2.847
617.307190, 2.863
621.780457, 2.879
626.286133, 2.894
630.824463, 2.909
635.395691, 2.923
640.000000, 2.937
644.637695, 2.951
649.309021, 2.964
654.014160, 2.976
658.753418, 2.989
663.527039, 3.001
668.335205, 3.012
673.178284, 3.023
678.056396, 3.034
682.969849, 3.044
687.918945, 3.053
692.903870, 3.063
697.924927, 3.071
702.982422, 3.079
708.076477, 3.087
713.207520, 3.095
718.375732, 3.101
723.581360, 3.108
728.824707, 3.114
734.106079, 3.119
739.425720, 3.124
744.783936, 3.128
750.180908, 3.132
755.617065, 3.136
761.092529, 3.139
766.607727, 3.142
772.162903, 3.144
777.758301, 3.146
783.394287, 3.147
789.071045, 3.148
794.789001, 3.149
800.548340, 3.149
806.349487, 3.149
812.192627, 3.149
818.078125, 3.149
824.006226, 3.148
829.977295, 3.147
835.991699, 3.146
842.049622, 3.145
848.151428, 3.144
854.297485, 3.143
860.488098, 3.141
866.723572, 3.140
873.004211, 3.139
879.330322, 3.139
885.702332, 3.138
892.120483, 3.138
898.585144, 3.139
905.096680, 3.139
911.655396, 3.141
918.261597, 3.143
924.915710, 3.146
931.618042, 3.149
938.368896, 3.154
945.168762, 3.159
952.017822, 3.166
958.916504, 3.174
965.865234, 3.182
972.864319, 3.193
979.914062, 3.204
987.014954, 3.217
994.167236, 3.232
1001.371399, 3.248
1008.627747, 3.266
1015.936646, 3.286
1023.298584, 3.308
1030.713867, 3.331
1038.182739, 3.357
1045.705933, 3.384
1053.283447, 3.414
1060.916016, 3.446
1068.603882, 3.479
1076.347412, 3.515
1084.147095, 3.553
1092.003296, 3.594
1099.916382, 3.636
1107.886841, 3.681
1115.915039, 3.727
1124.001343, 3.776
1132.146362, 3.827
1140.350342, 3.880
1148.613770, 3.935
1156.937134, 3.992
1165.320801, 4.051
1173.765137, 4.112
1182.270752, 4.174
1190.838013, 4.238
1199.467285, 4.304
1208.159180, 4.372
1216.913940, 4.441
1225.732178, 4.511
1234.614380, 4.582
1243.560913, 4.655
1252.572266, 4.729
1261.648926, 4.803
1270.791382, 4.879
1280.000000, 4.956
1289.275391, 5.033
1298.618042, 5.111
1308.028320, 5.190
1317.506836, 5.269
1327.054077, 5.349
1336.670410, 5.429
1346.356567, 5.510
1356.112793, 5.590
1365.939697, 5.672
1375.837891, 5.753
1385.807739, 5.835
1395.849854, 5.916
1405.964844, 5.998
1416.152954, 6.081
1426.415039, 6.163
1436.751465, 6.245
1447.162720, 6.328
1457.649414, 6.411
1468.212158, 6.494
1478.851440, 6.578
1489.567871, 6.662
1500.361816, 6.746
1511.234131, 6.831
1522.185059, 6.916
1533.215454, 7.001
1544.325806, 7.087
1555.516602, 7.174
1566.788574, 7.262
1578.142090, 7.350
1589.578003, 7.439
1601.096680, 7.529
1612.698975, 7.620
1624.385254, 7.712
1636.156250, 7.805
1648.012451, 7.899
1659.954590, 7.994
1671.983398, 8.090
1684.099243, 8.188
1696.302856, 8.287
1708.594971, 8.387
1720.976196, 8.488
1733.447144, 8.591
1746.008423, 8.695
1758.660645, 8.800
1771.404663, 8.906
1784.240967, 9.014
1797.170288, 9.123
1810.193359, 9.232
1823.310791, 9.343
1836.523193, 9.455
1849.831421, 9.568
1863.236084, 9.682
1876.737793, 9.797
1890.337524, 9.913
1904.035645, 10.029
1917.833008, 10.146
1931.730469, 10.263
1945.728638, 10.381
1959.828125, 10.499
1974.029907, 10.618
1988.334473, 10.737
2002.742798, 10.856
2017.255493, 10.975
2031.873291, 11.095
2046.597168, 11.214
2061.427734, 11.333
2076.365479, 11.452
2091.411865, 11.571
2106.566895, 11.690
2121.832031, 11.809
2137.207764, 11.927
2152.694824, 12.044
2168.294189, 12.162
2184.006592, 12.279
2199.832764, 12.395
2215.773682, 12.511
2231.830078, 12.627
2248.002686, 12.742
2264.292725, 12.856
2280.700684, 12.969
2297.227539, 13.082
2313.874268, 13.194
2330.641602, 13.306
2347.530273, 13.416
2364.541504, 13.526
2381.676025, 13.634
2398.934570, 13.742
2416.318359, 13.848
2433.827881, 13.953
2451.464355, 14.057
2469.228760, 14.160
2487.121826, 14.261
2505.144531, 14.360
2523.297852, 14.458
2541.582764, 14.554
2560.000000, 14.649
2578.550781, 14.741
2597.236084, 14.831
2616.056641, 14.919
2635.013672, 15.005
2654.108154, 15.089
2673.340820, 15.170
2692.713135, 15.248
2712.225586, 15.324
2731.879395, 15.397
2751.675781, 15.467
2771.615479, 15.534
2791.699707, 15.598
2811.929688, 15.658
2832.305908, 15.716
2852.830078, 15.770
2873.502930, 15.821
2894.325439, 15.868
2915.298828, 15.913
2936.424316, 15.953
2957.702881, 15.990
2979.135742, 16.024
3000.723633, 16.054
3022.468262, 16.081
3044.370117, 16.104
3066.430908, 16.124
3088.651611, 16.141
3111.033203, 16.154
3133.577148, 16.164
3156.284180, 16.171
3179.156006, 16.175
3202.193359, 16.176
3225.397949, 16.175
3248.770508, 16.170
3272.312500, 16.164
3296.024902, 16.154
3319.909180, 16.143
3343.966797, 16.129
3368.198486, 16.113
3392.605713, 16.095
3417.189941, 16.076
3441.952393, 16.054
3466.894287, 16.031
3492.016846, 16.006
3517.321289, 15.979
3542.809326, 15.951
3568.481934, 15.921
3594.340576, 15.889
3620.386719, 15.856
3646.621582, 15.820
3673.046387, 15.783
3699.662842, 15.743
3726.472168, 15.701
3753.475586, 15.657
3780.675049, 15.611
3808.071289, 15.562
3835.666016, 15.510
3863.460938, 15.455
3891.457275, 15.398
3919.656250, 15.337
3948.059814, 15.274
3976.668945, 15.207
4005.485596, 15.137
4034.510986, 15.064
4063.746582, 14.988
4093.194336, 14.909
4122.855469, 14.827
4152.730957, 14.743
4182.823730, 14.655
4213.133789, 14.565
4243.664062, 14.473
4274.415527, 14.379
4305.389648, 14.282
4336.588379, 14.185
4368.013184, 14.085
4399.665527, 13.985
4431.547363, 13.884
4463.660156, 13.782
4496.005371, 13.680
4528.585449, 13.578
4561.401367, 13.477
4594.455078, 13.376
4627.748535, 13.276
4661.283203, 13.178
4695.060547, 13.081
4729.083008, 12.986
4763.352051, 12.893
4797.869141, 12.803
4832.636719, 12.715
4867.655762, 12.630
4902.928711, 12.548
4938.457520, 12.470
4974.243652, 12.394
5010.289062, 12.321
5046.595703, 12.251
5083.165527, 12.184
5120.000000, 12.119
5157.101562, 12.057
5194.472168, 11.997
5232.113281, 11.938
5270.027344, 11.880
5308.216309, 11.823
5346.681641, 11.766
5385.426270, 11.709
5424.451172, 11.652
5463.758789, 11.593
5503.351562, 11.533
5543.230957, 11.471
5583.399414, 11.406
5623.859375, 11.339
5664.611816, 11.269
5705.660156, 11.195
5747.005859, 11.117
5788.650879, 11.034
5830.597656, 10.947
5872.848633, 10.855
5915.405762, 10.758
5958.271484, 10.655
6001.447266, 10.546
6044.936523, 10.431
6088.740234, 10.309
6132.861816, 10.181
6177.303223, 10.047
6222.066406, 9.906
6267.154297, 9.759
6312.568359, 9.606
6358.312012, 9.446
6404.386719, 9.281
6450.795898, 9.110
6497.541016, 8.935
6544.625000, 8.755
6592.049805, 8.571
6639.818359, 8.384
6687.933594, 8.195
6736.396973, 8.004
6785.211426, 7.813
6834.379883, 7.623
6883.904785, 7.434
6933.788574, 7.249
6984.033691, 7.069
7034.642578, 6.895
7085.618652, 6.730
7136.963867, 6.576
7188.681152, 6.434
7240.773438, 6.306
7293.243164, 6.194
7346.092773, 6.099
7399.325684, 6.023
7452.944336, 5.965
7506.951172, 5.926
7561.350098, 5.904
7616.142578, 5.899
7671.332031, 5.906
7726.921875, 5.923
7782.914551, 5.948
7839.312500, 5.975
7896.119629, 6.002
7953.337891, 6.023
8010.971191, 6.036
8069.021973, 6.037
8127.493164, 6.023
8186.388672, 5.990
8245.710938, 5.937
8305.461914, 5.861
8365.647461, 5.761
8426.267578, 5.636
8487.328125, 5.484
8548.831055, 5.306
8610.779297, 5.101
8673.176758, 4.871
8736.026367, 4.616
8799.331055, 4.338
8863.094727, 4.039
8927.320312, 3.723
8992.010742, 3.392
9057.170898, 3.053
9122.802734, 2.709
9188.910156, 2.369
9255.497070, 2.040
9322.566406, 1.730
9390.121094, 1.449
9458.166016, 1.205
9526.704102, 1.004
9595.738281, 0.851
9665.273438, 0.745
9735.311523, 0.685
9805.857422, 0.663
9876.915039, 0.672
9948.487305, 0.703
10020.578125, 0.747
10093.191406, 0.796
10166.331055, 0.844
10240.000000, 0.885
10314.203125, 0.916
10388.944336, 0.935
10464.226562, 0.941
10540.054688, 0.934
10616.432617, 0.917
10693.363281, 0.892
10770.852539, 0.863
10848.902344, 0.835
10927.517578, 0.814
11006.703125, 0.805
11086.461914, 0.812
11166.798828, 0.841
11247.718750, 0.895
11329.223633, 0.974
11411.320312, 1.078
11494.011719, 1.205
11577.301758, 1.349
11661.195312, 1.505
11745.697266, 1.669
11830.811523, 1.833
11916.542969, 1.992
12002.894531, 2.142
12089.873047, 2.279
12177.480469, 2.401
12265.723633, 2.504
12354.606445, 2.588
12444.132812, 2.654
12534.308594, 2.702
12625.136719, 2.733
12716.624023, 2.751
12808.773438, 2.758
12901.591797, 2.758
12995.082031, 2.754
13089.250000, 2.750
13184.099609, 2.749
13279.636719, 2.753
13375.867188, 2.763
13472.793945, 2.779
13570.422852, 2.800
13668.759766, 2.824
13767.809570, 2.847
13867.577148, 2.867
13968.067383, 2.880
14069.285156, 2.882
14171.237305, 2.871
14273.927734, 2.843
14377.362305, 2.798
14481.546875, 2.732
14586.486328, 2.647
14692.185547, 2.543
14798.651367, 2.420
14905.888672, 2.280
15013.902344, 2.125
15122.700195, 1.959
15232.285156, 1.783
15342.664062, 1.602
15453.843750, 1.419
15565.829102, 1.237
15678.625000, 1.059
15792.239258, 0.887
15906.675781, 0.723
16021.942383, 0.570
16138.043945, 0.426
16254.986328, 0.294
16372.777344, 0.173
16491.421875, 0.065
16610.923828, -0.030
16731.294922, -0.110
16852.535156, -0.174
16974.656250, -0.220
17097.662109, -0.247
17221.558594, -0.253
17346.353516, -0.238
17472.052734, -0.204
17598.662109, -0.153
17726.189453, -0.088
17854.640625, -0.014
17984.021484, 0.066
18114.341797, 0.147
18245.605469, 0.225
18377.820312, 0.298
18510.994141, 0.361
18645.132812, 0.415
18780.242188, 0.458
18916.332031, 0.490
19053.408203, 0.514
19191.476562, 0.529
19330.546875, 0.538
19470.623047, 0.543
19611.714844, 0.546
19753.830078, 0.546
19896.974609, 0.547
20041.156250, 0.547
