10.000000	0.013
10.072464	0.013
10.145453	0.013
10.218971	0.013
10.293022	0.013
10.367610	0.013
10.442738	0.013
10.518410	0.013
10.594631	0.013
10.671404	0.013
10.748733	0.013
10.826623	0.013
10.905077	0.013
10.984100	0.013
11.063695	0.013
11.143867	0.013
11.224620	0.013
11.305959	0.013
11.387886	0.013
11.470408	0.013
11.553527	0.013
11.637249	0.013
11.721577	0.013
11.806516	0.013
11.892071	0.013
11.978246	0.013
12.065045	0.013
12.152474	0.013
12.240535	0.013
12.329235	0.013
12.418578	0.013
12.508568	0.013
12.599210	0.013
12.690510	0.013
12.782470	0.013
12.875097	0.013
12.968396	0.013
13.062370	0.013
13.157025	0.013
13.252366	0.013
13.348399	0.013
13.445127	0.013
13.542555	0.013
13.640690	0.013
13.739536	0.013
13.839099	0.013
13.939383	0.013
14.040393	0.013
14.142136	0.013
14.244615	0.013
14.347838	0.013
14.451808	0.013
14.556532	0.013
14.662014	0.013
14.768261	0.013
14.875278	0.013
14.983071	0.013
15.091644	0.013
15.201005	0.013
15.311157	0.013
15.422108	0.013
15.533863	0.013
15.646428	0.013
15.759808	0.013
15.874011	0.013
15.989040	0.013
16.104903	0.013
16.221606	0.013
16.339155	0.013
16.457555	0.013
16.576813	0.013
16.696935	0.013
16.817928	0.013
16.939798	0.013
17.062551	0.013
17.186193	0.013
17.310731	0.013
17.436172	0.013
17.562522	0.013
17.689787	0.013
17.817974	0.013
17.947091	0.013
18.077143	0.013
18.208137	0.014
18.340081	0.014
18.472981	0.014
18.606843	0.014
18.741676	0.014
18.877486	0.014
19.014280	0.014
19.152066	0.014
19.290849	0.014
19.430639	0.014
19.571441	0.014
19.713264	0.014
19.856114	0.014
20.000000	0.014
20.144928	0.014
20.290907	0.014
20.437943	0.014
20.586045	0.014
20.735220	0.014
20.885476	0.014
21.036820	0.014
21.189262	0.014
21.342808	0.014
21.497467	0.014
21.653246	0.014
21.810155	0.014
21.968200	0.014
22.127391	0.014
22.287735	0.014
22.449241	0.014
22.611917	0.014
22.775773	0.014
22.940815	0.014
23.107054	0.013
23.274497	0.013
23.443154	0.013
23.613033	0.013
23.784142	0.013
23.956492	0.013
24.130091	0.013
24.304947	0.014
24.481071	0.014
24.658471	0.014
24.837156	0.014
25.017137	0.015
25.198421	0.015
25.381019	0.015
25.564940	0.016
25.750195	0.016
25.936791	0.016
26.124740	0.016
26.314050	0.016
26.504733	0.016
26.696797	0.016
26.890253	0.017
27.085111	0.017
27.281381	0.017
27.479073	0.018
27.678198	0.018
27.878765	0.019
28.080786	0.019
28.284271	0.019
28.489231	0.019
28.695675	0.020
28.903616	0.020
29.113064	0.021
29.324029	0.021
29.536523	0.021
29.750557	0.022
29.966142	0.022
30.183289	0.022
30.402009	0.023
30.622315	0.023
30.844217	0.023
31.067726	0.023
31.292856	0.023
31.519617	0.023
31.748021	0.024
31.978080	0.024
32.209807	0.025
32.443212	0.025
32.678309	0.026
32.915110	0.026
33.153626	0.027
33.393871	0.027
33.635857	0.028
33.879596	0.028
34.125101	0.028
34.372386	0.028
34.621462	0.029
34.872344	0.029
35.125043	0.030
35.379574	0.030
35.635949	0.030
35.894182	0.031
36.154286	0.031
36.416274	0.031
36.680162	0.032
36.945961	0.032
37.213687	0.033
37.483353	0.033
37.754973	0.034
38.028561	0.034
38.304131	0.035
38.581699	0.035
38.861278	0.035
39.142882	0.035
39.426528	0.036
39.712229	0.036
40.000000	0.036
40.289856	0.037
40.581813	0.037
40.875886	0.038
41.172089	0.038
41.470439	0.039
41.770951	0.039
42.073641	0.040
42.378524	0.040
42.685616	0.041
42.994934	0.041
43.306493	0.042
43.620309	0.042
43.936400	0.043
44.254781	0.043
44.575470	0.044
44.898482	0.044
45.223835	0.045
45.551545	0.045
45.881631	0.046
46.214108	0.046
46.548994	0.047
46.886308	0.047
47.226065	0.047
47.568285	0.048
47.912984	0.048
48.260181	0.049
48.609894	0.049
48.962142	0.050
49.316942	0.050
49.674312	0.051
50.034273	0.051
50.396842	0.052
50.762038	0.052
51.129881	0.053
51.500389	0.053
51.873582	0.054
52.249480	0.054
52.628101	0.055
53.009466	0.055
53.393594	0.056
53.780506	0.056
54.170222	0.057
54.562762	0.057
54.958146	0.058
55.356395	0.059
55.757531	0.059
56.161573	0.059
56.568542	0.060
56.978461	0.060
57.391351	0.061
57.807232	0.061
58.226127	0.062
58.648058	0.063
59.073046	0.064
59.501113	0.064
59.932283	0.065
60.366577	0.065
60.804018	0.066
61.244629	0.067
61.688433	0.068
62.135453	0.068
62.585712	0.069
63.039234	0.069
63.496042	0.070
63.956161	0.071
64.419613	0.072
64.886424	0.072
65.356618	0.073
65.830219	0.073
66.307252	0.074
66.787742	0.075
67.271713	0.076
67.759192	0.076
68.250203	0.077
68.744772	0.078
69.242925	0.079
69.744688	0.079
70.250086	0.080
70.759147	0.081
71.271897	0.082
71.788363	0.082
72.308571	0.083
72.832549	0.084
73.360323	0.085
73.891923	0.085
74.427374	0.086
74.966705	0.087
75.509945	0.088
76.057121	0.089
76.608262	0.090
77.163398	0.091
77.722555	0.092
78.285765	0.093
78.853056	0.094
79.424458	0.095
80.000000	0.096
80.579713	0.098
81.163627	0.099
81.751772	0.100
82.344179	0.101
82.940879	0.102
83.541903	0.104
84.147282	0.105
84.757048	0.106
85.371232	0.108
85.989867	0.109
86.612985	0.111
87.240619	0.112
87.872800	0.114
88.509563	0.116
89.150939	0.117
89.796964	0.119
90.447670	0.120
91.103091	0.122
91.763261	0.124
92.428216	0.125
93.097989	0.127
93.772615	0.128
94.452130	0.130
95.136569	0.131
95.825968	0.133
96.520362	0.135
97.219789	0.137
97.924283	0.138
98.633883	0.140
99.348625	0.141
100.068546	0.143
100.793684	0.145
101.524077	0.147
102.259762	0.149
103.000778	0.151
103.747164	0.152
104.498959	0.154
105.256202	0.155
106.018931	0.157
106.787188	0.158
107.561012	0.160
108.340444	0.161
109.125523	0.163
109.916292	0.164
110.712791	0.166
111.515061	0.167
112.323145	0.169
113.137085	0.170
113.956923	0.172
114.782702	0.173
115.614465	0.175
116.452255	0.176
117.296116	0.178
118.146092	0.180
119.002227	0.182
119.864566	0.183
120.733154	0.185
121.608036	0.187
122.489258	0.189
123.376866	0.191
124.270906	0.194
125.171424	0.196
126.078468	0.199
126.992084	0.201
127.912321	0.204
128.839227	0.207
129.772849	0.209
130.713236	0.212
131.660438	0.215
132.614504	0.218
133.575483	0.222
134.543426	0.225
135.518384	0.229
136.500406	0.232
137.489544	0.236
138.485850	0.239
139.489375	0.243
140.500173	0.246
141.518295	0.250
142.543795	0.253
143.576726	0.257
144.617142	0.261
145.665098	0.265
146.720647	0.268
147.783845	0.272
148.854748	0.276
149.933411	0.280
151.019890	0.283
152.114242	0.287
153.216525	0.291
154.326795	0.295
155.445111	0.299
156.571530	0.303
157.706112	0.308
158.848915	0.312
160.000000	0.316
161.159426	0.321
162.327254	0.325
163.503544	0.330
164.688358	0.334
165.881758	0.339
167.083805	0.343
168.294563	0.348
169.514095	0.352
170.742464	0.357
171.979734	0.362
173.225970	0.366
174.481237	0.372
175.745600	0.377
177.019125	0.382
178.301879	0.387
179.593928	0.392
180.895339	0.398
182.206182	0.403
183.526523	0.409
184.856431	0.415
186.195977	0.422
187.545230	0.428
188.904260	0.436
190.273138	0.443
191.651936	0.451
193.040725	0.458
194.439578	0.466
195.848567	0.474
197.267766	0.482
198.697250	0.490
200.137092	0.498
201.587368	0.507
203.048153	0.515
204.519524	0.524
206.001557	0.532
207.494329	0.541
208.997918	0.549
210.512403	0.558
212.037863	0.567
213.574377	0.576
215.122025	0.585
216.680888	0.594
218.251047	0.603
219.832584	0.612
221.425581	0.622
223.030122	0.632
224.646290	0.641
226.274170	0.651
227.913846	0.660
229.565404	0.670
231.228929	0.680
232.904509	0.689
234.592231	0.699
236.292183	0.709
238.004454	0.720
239.729132	0.730
241.466308	0.741
243.216073	0.751
244.978517	0.762
246.753732	0.772
248.541811	0.783
250.342848	0.794
252.156935	0.805
253.984168	0.816
255.824642	0.827
257.678453	0.838
259.545697	0.849
261.426473	0.860
263.320877	0.872
265.229008	0.884
267.150967	0.895
269.086853	0.907
271.036767	0.919
273.000811	0.930
274.979088	0.943
276.971700	0.954
278.978751	0.967
281.000346	0.979
283.036590	0.991
285.087590	1.003
287.153452	1.015
289.234284	1.027
291.330195	1.040
293.441294	1.052
295.567690	1.064
297.709496	1.077
299.866821	1.089
302.039780	1.102
304.228485	1.115
306.433050	1.128
308.653590	1.141
310.890221	1.154
313.143060	1.167
315.412224	1.180
317.697831	1.193
320.000000	1.207
322.318852	1.221
324.654507	1.234
327.007088	1.248
329.376716	1.262
331.763515	1.276
334.167610	1.290
336.589127	1.304
339.028190	1.318
341.484928	1.332
343.959469	1.346
346.451941	1.360
348.962474	1.375
351.491200	1.390
354.038251	1.404
356.603758	1.419
359.187855	1.434
361.790679	1.450
364.412363	1.465
367.053045	1.481
369.712863	1.496
372.391955	1.512
375.090460	1.528
377.808521	1.544
380.546277	1.560
383.303872	1.577
386.081450	1.594
388.879155	1.611
391.697134	1.627
394.535533	1.645
397.394500	1.663
400.274184	1.681
403.174736	1.698
406.096306	1.717
409.039048	1.735
412.003113	1.753
414.988657	1.771
417.995836	1.790
421.024807	1.809
424.075726	1.828
427.148753	1.847
430.244049	1.866
433.361775	1.885
436.502093	1.904
439.665167	1.923
442.851162	1.943
446.060244	1.962
449.292581	1.982
452.548340	2.002
455.827692	2.021
459.130807	2.041
462.457858	2.061
465.809019	2.081
469.184463	2.100
472.584367	2.120
476.008908	2.140
479.458265	2.160
482.932617	2.180
486.432146	2.201
489.957033	2.221
493.507464	2.241
497.083623	2.261
500.685695	2.281
504.313870	2.301
507.968337	2.321
511.649285	2.341
515.356906	2.361
519.091395	2.381
522.852945	2.401
526.641753	2.421
530.458016	2.441
534.301934	2.461
538.173706	2.481
542.073534	2.501
546.001623	2.521
549.958175	2.540
553.943399	2.559
557.957501	2.579
562.000691	2.598
566.073180	2.617
570.175180	2.636
574.306904	2.655
578.468569	2.673
582.660390	2.692
586.882588	2.710
591.135381	2.728
595.418991	2.746
599.733643	2.764
604.079560	2.781
608.456970	2.798
612.866100	2.815
617.307180	2.832
621.780442	2.849
626.286120	2.865
630.824447	2.882
635.395661	2.898
640.000000	2.914
644.637704	2.930
649.309014	2.945
654.014175	2.961
658.753431	2.976
663.527030	2.990
668.335221	3.005
673.178253	3.019
678.056380	3.032
682.969856	3.046
687.918938	3.059
692.903882	3.072
697.924949	3.085
702.982401	3.097
708.076501	3.109
713.207515	3.122
718.375711	3.134
723.581357	3.145
728.824726	3.157
734.106091	3.168
739.425726	3.180
744.783910	3.192
750.180921	3.203
755.617041	3.214
761.092554	3.225
766.607744	3.237
772.162900	3.249
777.758310	3.260
783.394268	3.272
789.071066	3.284
794.789000	3.296
800.548368	3.308
806.349472	3.321
812.192613	3.334
818.078095	3.347
824.006226	3.361
829.977315	3.374
835.991673	3.389
842.049613	3.404
848.151452	3.420
854.297507	3.436
860.488099	3.452
866.723550	3.469
873.004186	3.487
879.330334	3.505
885.702324	3.524
892.120489	3.544
898.585161	3.564
905.096680	3.586
911.655384	3.607
918.261614	3.630
924.915716	3.653
931.618037	3.677
938.368925	3.701
945.168733	3.727
952.017816	3.752
958.916529	3.779
965.865234	3.807
972.864291	3.834
979.914067	3.863
987.014928	3.893
994.167245	3.923
1001.371391	3.954
1008.627741	3.986
1015.936673	4.019
1023.298569	4.052
1030.713812	4.086
1038.182790	4.121
1045.705890	4.157
1053.283506	4.193
1060.916032	4.229
1068.603867	4.267
1076.347412	4.306
1084.147069	4.345
1092.003245	4.385
1099.916351	4.425
1107.886798	4.466
1115.915003	4.508
1124.001383	4.551
1132.146360	4.594
1140.350359	4.638
1148.613808	4.683
1156.937137	4.729
1165.320781	4.775
1173.765175	4.822
1182.270762	4.870
1190.837983	4.918
1199.467286	4.968
1208.159120	5.018
1216.913939	5.068
1225.732199	5.119
1234.614360	5.171
1243.560885	5.224
1252.572239	5.277
1261.648894	5.332
1270.791322	5.387
1280.000000	5.442
1289.275408	5.498
1298.618029	5.554
1308.028350	5.610
1317.506863	5.667
1327.054061	5.725
1336.670442	5.783
1346.356507	5.841
1356.112761	5.899
1365.939713	5.958
1375.837875	6.017
1385.807763	6.077
1395.849898	6.136
1405.964802	6.197
1416.153002	6.258
1426.415031	6.319
1436.751422	6.381
1447.162715	6.443
1457.649452	6.506
1468.212181	6.570
1478.851452	6.634
1489.567819	6.700
1500.361842	6.767
1511.234082	6.834
1522.185107	6.903
1533.215488	6.973
1544.325799	7.043
1555.516621	7.114
1566.788535	7.186
1578.142131	7.260
1589.577999	7.334
1601.096737	7.408
1612.698944	7.484
1624.385225	7.559
1636.156190	7.635
1648.012452	7.712
1659.954630	7.789
1671.983345	7.867
1684.099226	7.945
1696.302903	8.023
1708.595013	8.102
1720.976197	8.182
1733.447100	8.263
1746.008372	8.345
1758.660669	8.427
1771.404649	8.510
1784.240977	8.595
1797.170323	8.681
1810.193360	8.769
1823.310767	8.858
1836.523229	8.948
1849.831433	9.040
1863.236074	9.133
1876.737851	9.229
1890.337467	9.326
1904.035631	9.424
1917.833058	9.524
1931.730467	9.626
1945.728583	9.729
1959.828134	9.834
1974.029857	9.939
1988.334491	10.046
2002.742782	10.154
2017.255482	10.263
2031.873347	10.373
2046.597138	10.484
2061.427625	10.595
2076.365579	10.708
2091.411780	10.822
2106.567012	10.936
2121.832065	11.052
2137.207735	11.169
2152.694823	11.288
2168.294137	11.408
2184.006490	11.530
2199.832702	11.653
2215.773596	11.779
2231.830005	11.908
2248.002765	12.038
2264.292720	12.171
2280.700718	12.306
2297.227616	12.443
2313.874274	12.581
2330.641561	12.720
2347.530351	12.860
2364.541523	13.000
2381.675966	13.140
2398.934572	13.280
2416.318240	13.419
2433.827878	13.557
2451.464399	13.694
2469.228720	13.830
2487.121769	13.964
2505.144479	14.098
2523.297789	14.230
2541.582644	14.361
2560.000000	14.490
2578.550815	14.618
2597.236057	14.744
2616.056701	14.869
2635.013726	14.991
2654.108121	15.112
2673.340883	15.230
2692.713013	15.345
2712.225522	15.456
2731.879426	15.564
2751.675750	15.667
2771.615527	15.766
2791.699796	15.860
2811.929603	15.950
2832.306004	16.034
2852.830061	16.113
2873.502844	16.186
2894.325430	16.253
2915.298905	16.314
2936.424363	16.369
2957.702904	16.418
2979.135638	16.462
3000.723683	16.499
3022.468164	16.530
3044.370214	16.555
3066.430976	16.574
3088.651599	16.587
3111.033242	16.594
3133.577071	16.595
3156.284262	16.588
3179.155999	16.575
3202.193474	16.556
3225.397888	16.530
3248.770450	16.497
3272.312380	16.458
3296.024905	16.414
3319.909260	16.366
3343.966691	16.313
3368.198452	16.257
3392.605806	16.199
3417.190027	16.138
3441.952394	16.075
3466.894200	16.009
3492.016745	15.940
3517.321337	15.868
3542.809298	15.791
3568.481954	15.709
3594.340646	15.623
3620.386720	15.533
3646.621534	15.437
3673.046457	15.337
3699.662866	15.233
3726.472148	15.125
3753.475701	15.013
3780.674934	14.896
3808.071263	14.777
3835.666117	14.653
3863.460935	14.526
3891.457165	14.395
3919.656268	14.261
3948.059713	14.124
3976.668981	13.985
4005.485564	13.845
4034.510963	13.702
4063.746693	13.560
4093.194277	13.417
4122.855250	13.275
4152.731158	13.133
4182.823560	12.993
4213.134024	12.855
4243.664130	12.719
4274.415470	12.584
4305.389646	12.453
4336.588274	12.325
4368.012981	12.199
4399.665403	12.077
4431.547192	11.957
4463.660010	11.841
4496.005531	11.728
4528.585440	11.618
4561.401437	11.512
4594.455232	11.407
4627.748549	11.306
4661.283122	11.207
4695.060701	11.111
4729.083046	11.017
4763.351932	10.926
4797.869143	10.838
4832.636481	10.752
4867.655757	10.669
4902.928797	10.588
4938.457440	10.510
4974.243539	10.436
5010.288958	10.364
5046.595577	10.294
5083.165289	10.227
5120.000000	10.164
5157.101631	10.104
5194.472115	10.047
5232.113401	9.994
5270.027452	9.943
5308.216243	9.896
5346.681766	9.852
5385.426026	9.811
5424.451043	9.774
5463.758851	9.739
5503.351500	9.706
5543.231054	9.676
5583.399591	9.647
5623.859206	9.620
5664.612008	9.594
5705.660122	9.569
5747.005687	9.544
5788.650860	9.519
5830.597810	9.495
5872.848725	9.471
5915.405808	9.447
5958.271277	9.422
6001.447367	9.399
6044.936328	9.377
6088.740429	9.354
6132.861952	9.333
6177.303198	9.312
6222.066483	9.292
6267.154142	9.272
6312.568524	9.253
6358.311998	9.234
6404.386948	9.215
6450.795775	9.196
6497.540901	9.176
6544.624761	9.156
6592.049809	9.136
6639.818520	9.117
6687.933382	9.098
6736.396904	9.080
6785.211613	9.064
6834.380053	9.047
6883.904789	9.030
6933.788400	9.011
6984.033489	8.991
7034.642675	8.968
7085.618596	8.943
7136.963909	8.915
7188.681291	8.885
7240.773439	8.851
7293.243069	8.814
7346.092914	8.773
7399.325732	8.728
7452.944296	8.678
7506.951403	8.623
7561.349867	8.562
7616.142525	8.495
7671.332234	8.419
7726.921869	8.336
7782.914330	8.244
7839.312536	8.143
7896.119426	8.033
7953.337962	7.913
8010.971128	7.785
8069.021927	7.648
8127.493386	7.502
8186.388553	7.349
8245.710500	7.189
8305.462317	7.023
8365.647121	6.852
8426.268048	6.676
8487.328260	6.497
8548.830939	6.317
8610.779292	6.136
8673.176549	5.955
8736.025961	5.776
8799.330806	5.601
8863.094385	5.429
8927.320020	5.265
8992.011061	5.110
9057.170880	4.965
9122.802874	4.833
9188.910464	4.716
9255.497097	4.616
9322.566244	4.534
9390.121402	4.471
9458.166093	4.429
9526.703863	4.407
9595.738287	4.405
9665.272962	4.423
9735.311514	4.460
9805.857594	4.513
9876.914881	4.581
9948.487077	4.661
10020.577916	4.749
10093.191154	4.845
10166.330578	4.944
10240.000000	5.044
10314.203261	5.144
10388.944230	5.242
10464.226802	5.336
10540.054903	5.425
10616.432486	5.509
10693.363532	5.586
10770.852052	5.656
10848.902086	5.719
10927.517703	5.775
11006.703001	5.823
11086.462108	5.863
11166.799182	5.896
11247.718413	5.922
11329.224017	5.941
11411.320244	5.953
11494.011375	5.958
11577.301719	5.957
11661.195620	5.948
11745.697450	5.933
11830.811616	5.910
11916.542554	5.880
12002.894734	5.843
12089.872657	5.799
12177.480858	5.752
12265.723904	5.699
12354.606395	5.642
12444.132966	5.582
12534.308283	5.518
12625.137048	5.452
12716.623996	5.382
12808.773895	5.310
12901.591551	5.235
12995.081802	5.157
13089.249521	5.076
13184.099619	4.993
13279.637040	4.906
13375.866764	4.817
13472.793808	4.724
13570.423226	4.627
13668.760107	4.528
13767.809577	4.425
13867.576801	4.318
13968.066979	4.208
14069.285350	4.096
14171.237191	3.981
14273.927818	3.864
14377.362583	3.745
14481.546879	3.625
14586.486137	3.504
14692.185828	3.384
14798.651463	3.264
14905.888592	3.146
15013.902806	3.029
15122.699734	2.915
15232.285051	2.805
15342.664467	2.697
15453.843739	2.594
15565.828661	2.495
15678.625072	2.400
15792.238852	2.311
15906.675925	2.227
16021.942256	2.149
16138.043854	2.075
16254.986772	2.008
16372.777107	1.945
16491.420999	1.888
16610.924634	1.835
16731.294241	1.787
16852.536096	1.744
16974.656520	1.705
17097.661878	1.670
17221.558584	1.639
17346.353097	1.611
17472.051922	1.587
17598.661613	1.565
17726.188769	1.546
17854.640040	1.529
17984.022122	1.514
18114.341760	1.501
18245.605748	1.490
18377.820928	1.480
18510.994194	1.472
18645.132489	1.464
18780.242805	1.458
18916.332186	1.453
19053.407727	1.448
19191.476573	1.444
19330.545924	1.441
19470.623028	1.438
19611.715189	1.435
19753.829761	1.433
19896.974155	1.432
20041.155832	1.430
20186.382308	1.429
20332.661156	1.428
20480.000000	1.427
20628.406522	1.426
20777.888460	1.425
20928.453604	1.425
21080.109806	1.423
21232.864972	1.410
21386.727064	1.305
21541.704105	0.555
21697.804172	-5.994
21855.035406	-14.270
22013.406002	-23.431
22172.924216	-33.138
22333.598365	-43.216
22495.436825	-53.565
22658.448034	-64.119
22822.640488	-74.835
22988.022749	-85.682
23154.603438	-96.637
23322.391240	-107.682
23491.394901	-118.804
23661.623232	-129.991
23833.085108	-140.928
24005.789467	-140.928
