20.000000, 0.703
20.299999, 0.710
20.600000, 0.718
20.900000, 0.725
21.200001, 0.732
21.400000, 0.736
21.799999, 0.744
22.000000, 0.749
22.400000, 0.758
22.700001, 0.764
23.000000, 0.770
23.299999, 0.777
23.600000, 0.784
24.000000, 0.793
24.299999, 0.799
24.700001, 0.808
25.000000, 0.815
25.400000, 0.824
25.799999, 0.833
26.200001, 0.842
26.500000, 0.849
26.900000, 0.858
27.200001, 0.866
27.600000, 0.875
28.000000, 0.885
28.500000, 0.897
29.000000, 0.909
29.500000, 0.921
30.000000, 0.933
30.400000, 0.942
30.700001, 0.950
31.100000, 0.960
31.500000, 0.970
32.000000, 0.983
32.500000, 0.995
33.000000, 1.007
33.500000, 1.018
34.000000, 1.031
34.500000, 1.043
35.000000, 1.055
35.500000, 1.067
36.000000, 1.080
36.500000, 1.092
37.000000, 1.105
37.500000, 1.117
38.200001, 1.134
38.700001, 1.146
39.500000, 1.164
40.000000, 1.176
40.599998, 1.190
41.200001, 1.204
41.799999, 1.218
42.500000, 1.233
43.099998, 1.247
43.700001, 1.260
44.400002, 1.275
45.000000, 1.288
45.500000, 1.298
46.200001, 1.312
46.799999, 1.324
47.500000, 1.338
48.200001, 1.351
48.700001, 1.361
49.400002, 1.373
50.000000, 1.383
50.799999, 1.397
51.500000, 1.408
52.200001, 1.419
53.000000, 1.431
53.799999, 1.442
54.500000, 1.451
55.200001, 1.460
56.000000, 1.469
57.000000, 1.480
58.000000, 1.490
59.000000, 1.499
60.000000, 1.507
60.799999, 1.513
61.500000, 1.518
62.200001, 1.523
63.000000, 1.528
64.000000, 1.533
65.000000, 1.537
66.000000, 1.541
67.000000, 1.544
68.000000, 1.548
69.000000, 1.550
70.000000, 1.553
71.000000, 1.555
72.000000, 1.558
73.000000, 1.560
74.000000, 1.563
75.000000, 1.566
76.199997, 1.569
77.500000, 1.573
78.800003, 1.578
80.000000, 1.584
81.199997, 1.590
82.500000, 1.596
83.800003, 1.603
85.000000, 1.611
86.199997, 1.618
87.500000, 1.626
88.500000, 1.632
90.000000, 1.640
91.199997, 1.647
92.500000, 1.654
93.800003, 1.661
95.000000, 1.666
96.199997, 1.671
97.500000, 1.677
98.800003, 1.681
100.000000, 1.685
101.500000, 1.688
103.000000, 1.690
104.400002, 1.691
106.000000, 1.692
107.500000, 1.692
109.000000, 1.692
110.599998, 1.690
112.000000, 1.688
113.800003, 1.685
115.000000, 1.682
117.199997, 1.676
118.000000, 1.673
120.599998, 1.664
122.000000, 1.659
124.099998, 1.651
125.000000, 1.647
126.500000, 1.641
128.000000, 1.634
131.500000, 1.618
132.000000, 1.615
134.000000, 1.606
136.000000, 1.596
138.000000, 1.587
140.000000, 1.577
143.000000, 1.561
145.000000, 1.551
147.500000, 1.540
150.000000, 1.528
152.500000, 1.518
155.000000, 1.508
157.500000, 1.498
160.000000, 1.489
162.500000, 1.481
165.000000, 1.474
167.500000, 1.467
170.000000, 1.461
172.500000, 1.456
175.000000, 1.451
177.500000, 1.447
180.000000, 1.444
182.500000, 1.442
185.000000, 1.440
187.500000, 1.439
190.000000, 1.439
192.500000, 1.439
195.000000, 1.440
197.500000, 1.442
200.000000, 1.444
203.000000, 1.448
206.000000, 1.452
209.000000, 1.456
212.000000, 1.462
214.000000, 1.467
218.000000, 1.477
220.000000, 1.484
224.000000, 1.496
227.000000, 1.506
230.000000, 1.518
233.000000, 1.529
236.000000, 1.541
240.000000, 1.558
243.000000, 1.571
247.000000, 1.589
250.000000, 1.603
254.000000, 1.623
258.000000, 1.643
262.000000, 1.664
265.000000, 1.680
269.000000, 1.702
272.000000, 1.719
276.000000, 1.742
280.000000, 1.764
285.000000, 1.792
290.000000, 1.820
295.000000, 1.850
300.000000, 1.880
304.000000, 1.905
307.000000, 1.925
311.000000, 1.950
315.000000, 1.976
320.000000, 2.007
325.000000, 2.038
330.000000, 2.068
335.000000, 2.099
340.000000, 2.130
345.000000, 2.162
350.000000, 2.194
355.000000, 2.226
360.000000, 2.259
365.000000, 2.293
370.000000, 2.327
375.000000, 2.363
382.000000, 2.413
387.000000, 2.449
395.000000, 2.506
400.000000, 2.542
406.000000, 2.582
412.000000, 2.621
418.000000, 2.655
425.000000, 2.690
431.000000, 2.714
437.000000, 2.732
444.000000, 2.746
450.000000, 2.752
455.000000, 2.755
462.000000, 2.754
468.000000, 2.751
475.000000, 2.745
482.000000, 2.738
487.000000, 2.733
494.000000, 2.725
500.000000, 2.718
508.000000, 2.708
515.000000, 2.698
522.000000, 2.686
530.000000, 2.671
538.000000, 2.654
545.000000, 2.637
552.000000, 2.618
560.000000, 2.594
570.000000, 2.559
580.000000, 2.521
590.000000, 2.479
600.000000, 2.435
608.000000, 2.398
615.000000, 2.366
622.000000, 2.333
630.000000, 2.295
640.000000, 2.248
650.000000, 2.201
660.000000, 2.155
670.000000, 2.112
680.000000, 2.069
690.000000, 2.030
700.000000, 1.993
710.000000, 1.959
720.000000, 1.928
730.000000, 1.901
740.000000, 1.878
750.000000, 1.858
762.000000, 1.840
775.000000, 1.825
788.000000, 1.817
800.000000, 1.814
812.000000, 1.816
825.000000, 1.822
838.000000, 1.833
850.000000, 1.847
862.000000, 1.864
875.000000, 1.887
885.000000, 1.907
900.000000, 1.941
912.000000, 1.972
925.000000, 2.008
938.000000, 2.047
950.000000, 2.086
962.000000, 2.128
975.000000, 2.177
988.000000, 2.228
1000.000000, 2.278
1015.000000, 2.343
1030.000000, 2.412
1044.000000, 2.479
1060.000000, 2.557
1075.000000, 2.633
1090.000000, 2.711
1106.000000, 2.796
1120.000000, 2.870
1138.000000, 2.968
1150.000000, 3.033
1172.000000, 3.153
1180.000000, 3.197
1206.000000, 3.339
1220.000000, 3.415
1241.000000, 3.529
1250.000000, 3.577
1265.000000, 3.658
1280.000000, 3.738
1315.000000, 3.921
1320.000000, 3.947
1340.000000, 4.049
1360.000000, 4.151
1380.000000, 4.251
1400.000000, 4.350
1430.000000, 4.497
1450.000000, 4.595
1475.000000, 4.716
1500.000000, 4.837
1525.000000, 4.959
1550.000000, 5.082
1575.000000, 5.206
1600.000000, 5.332
1625.000000, 5.461
1650.000000, 5.592
1675.000000, 5.727
1700.000000, 5.866
1725.000000, 6.008
1750.000000, 6.154
1775.000000, 6.305
1800.000000, 6.461
1825.000000, 6.622
1850.000000, 6.788
1875.000000, 6.960
1900.000000, 7.137
1925.000000, 7.318
1950.000000, 7.505
1975.000000, 7.696
2000.000000, 7.890
2030.000000, 8.127
2060.000000, 8.366
2090.000000, 8.607
2120.000000, 8.847
2140.000000, 9.007
2180.000000, 9.321
2200.000000, 9.476
2240.000000, 9.779
2270.000000, 10.000
2300.000000, 10.213
2330.000000, 10.419
2360.000000, 10.617
2400.000000, 10.868
2430.000000, 11.046
2470.000000, 11.271
2500.000000, 11.429
2540.000000, 11.627
2580.000000, 11.809
2620.000000, 11.976
2650.000000, 12.091
2690.000000, 12.232
2720.000000, 12.328
2760.000000, 12.442
2800.000000, 12.540
2850.000000, 12.642
2900.000000, 12.720
2950.000000, 12.774
3000.000000, 12.804
3040.000000, 12.812
3070.000000, 12.808
3110.000000, 12.790
3150.000000, 12.758
3200.000000, 12.701
3250.000000, 12.627
3300.000000, 12.538
3350.000000, 12.434
3400.000000, 12.318
3450.000000, 12.192
3500.000000, 12.058
3550.000000, 11.918
3600.000000, 11.772
3650.000000, 11.622
3700.000000, 11.469
3750.000000, 11.314
3820.000000, 11.096
3870.000000, 10.940
3950.000000, 10.692
4000.000000, 10.538
4060.000000, 10.356
4120.000000, 10.178
4180.000000, 10.003
4250.000000, 9.804
4310.000000, 9.638
4370.000000, 9.476
4440.000000, 9.294
4500.000000, 9.143
4550.000000, 9.021
4620.000000, 8.857
4680.000000, 8.722
4750.000000, 8.571
4820.000000, 8.426
4870.000000, 8.327
4940.000000, 8.194
5000.000000, 8.086
5080.000000, 7.948
5150.000000, 7.834
5220.000000, 7.725
5300.000000, 7.608
5380.000000, 7.498
5450.000000, 7.406
5520.000000, 7.319
5600.000000, 7.226
5700.000000, 7.116
5800.000000, 7.015
5900.000000, 6.922
6000.000000, 6.837
6080.000000, 6.775
6150.000000, 6.725
6220.000000, 6.680
6300.000000, 6.633
6400.000000, 6.580
6500.000000, 6.537
6600.000000, 6.502
6700.000000, 6.476
6800.000000, 6.458
6900.000000, 6.448
7000.000000, 6.445
7100.000000, 6.449
7200.000000, 6.459
7300.000000, 6.472
7400.000000, 6.488
7500.000000, 6.503
7620.000000, 6.518
7750.000000, 6.524
7880.000000, 6.514
8000.000000, 6.487
8120.000000, 6.442
8250.000000, 6.372
8380.000000, 6.284
8500.000000, 6.188
8620.000000, 6.081
8750.000000, 5.955
8850.000000, 5.854
9000.000000, 5.697
9120.000000, 5.567
9250.000000, 5.423
9380.000000, 5.276
9500.000000, 5.139
9620.000000, 5.000
9750.000000, 4.847
9880.000000, 4.693
10000.000000, 4.549
10150.000000, 4.368
10300.000000, 4.186
10440.000000, 4.016
10600.000000, 3.823
10750.000000, 3.643
10900.000000, 3.464
11060.000000, 3.277
11200.000000, 3.116
11380.000000, 2.915
11500.000000, 2.786
11720.000000, 2.558
11800.000000, 2.478
12060.000000, 2.232
12200.000000, 2.107
12410.000000, 1.932
12500.000000, 1.861
12650.000000, 1.749
12800.000000, 1.643
13150.000000, 1.415
13200.000000, 1.384
13400.000000, 1.264
13600.000000, 1.150
13800.000000, 1.041
14000.000000, 0.933
14300.000000, 0.774
14500.000000, 0.668
14750.000000, 0.534
15000.000000, 0.396
15250.000000, 0.254
15500.000000, 0.107
15750.000000, -0.045
16000.000000, -0.203
16250.000000, -0.367
16500.000000, -0.536
16750.000000, -0.710
17000.000000, -0.888
17250.000000, -1.070
17500.000000, -1.253
17750.000000, -1.437
18000.000000, -1.622
18250.000000, -1.805
18500.000000, -1.987
18750.000000, -2.170
19000.000000, -2.373
19250.000000, -2.646
19500.000000, -3.065
19750.000000, -3.631
20000.000000, -4.094
