20	-0.007291593625887248
20.290906698750476	-0.00683063146401912
20.586044732869844	-0.006369539805371347
20.885475648548283	-0.005908003845954268
21.189261887185914	-0.005445597513393453
21.49746679841394	-0.0049818722825614725
21.810154653305165	-0.004516295648111037
22.12739065777668	-0.004048290422558668
22.449240966187475	-0.003577174111173651
22.77577269513385	-0.003102249831845755
23.107053937445478	-0.0026228982171056427
23.44315377638505	-0.0021385195799746293
23.784142300054445	-0.0016485780945081074
24.130090616010463	-0.0011525467304846493
24.481070866093134	-0.0006499547041903912
24.837156241469714	-0.00014033584385578224
25.1984209978975	0.00037672003302746324
25.56494047120865	0.0009016147324162616
25.936791093020236	0.001434685788751909
26.3140504066728	0.001976249527678338
26.69679708340074	0.0025265401303647475
27.08511093873791	0.003085798651951282
27.47907294916184	0.0036543594827357744
27.878765268980047	0.0042325812931137685
28.284271247461966	0.004820877141993432
28.695675446220072	0.005419639306278208
29.11306365684382	0.006029263341111493
29.536522918790062	0.006650066213079467
29.966141537533712	0.0072823037500731255
30.402009102982383	0.007926081503734826
30.844216508158908	0.008581416924105752
31.29285596815558	0.009248349924358204
31.74802103936409	0.009926998277419719
32.20980663898519	0.010617453591867727
32.67830906482211	0.011319829796401663
33.153626015361866	0.012034307899860673
33.63585661014871	0.012761020025096347
34.125101410453844	0.01350008690575226
34.62146244024586	0.014251651431327887
35.12504320746613	0.015015749987953166
35.635948725613716	0.015792338311890454
36.15428553564419	0.016581366522327327
36.68016172818701	0.017382797101328472
37.21368696608603	0.018196458645012688
37.754972507267915	0.019022055886540414
38.30413122794313	0.019859229509055075
38.86127764614443	0.02070761248191983
39.4265279456077	0.021566883009959015
40.000000000000206	0.022436759600354114
40.58181339750116	0.023316828957343112
41.1720894657399	0.02420653370685227
41.77095129709678	0.025105211460385534
42.37852377437204	0.026012130979572612
42.9949335968281	0.026926525633294465
43.62030930661056	0.02784762436417527
44.25478131555359	0.02877468039759651
44.89848193237519	0.029706997927835432
45.55154539026795	0.03064395701149232
46.21410787489121	0.03158498009480649
46.88630755277036	0.03252938358337241
47.56828460010916	0.033476568965570594
48.260181232021196	0.034426099381069636
48.962141732186545	0.03537771861686643
49.674312482939705	0.036331369463493614
50.39684199579528	0.03728721151323172
51.129880942417586	0.03824563841546768
51.873582186040764	0.039207294525160134
52.628100813345895	0.04017309079813702
53.393594166801776	0.04114421969578062
54.17022187747612	0.04212216875729255
54.95814589832399	0.04310873239233612
55.75753053796041	0.0441060213301281
56.56854249492426	0.04511646903886912
57.39135089244048	0.04614283429465824
58.226127313687975	0.04718813747898558
59.073045837580466	0.048255344424260556
59.932283075067765	0.049347040389397606
60.804018205965114	0.05046527831581332
61.68843301631817	0.051611354016935215
62.58571193631152	0.052786009318667115
63.49604207872855	0.05398981646508698
64.41961327797075	0.05522374673675716
65.35661812964459	0.056489477867946586
66.3072520307241	0.05778937186321252
67.27171322029778	0.05912637572932551
68.25020282090806	0.060503907571332005
69.2429248804921	0.06192579266946115
70.25008641493265	0.06339638041923343
71.27189745122783	0.06492051209870744
72.30857107128878	0.06650360249037363
73.36032345637442	0.0681514983296404
74.42737393217246	0.06987031173295288
75.50994501453623	0.07166642921624955
76.60826245588666	0.07354635402186496
77.72255529228926	0.0755166526066578
78.85305589121582	0.0775836555905329
80.00000000000082	0.07975311734997267
81.16362679500274	0.08203004140526365
82.34417893148023	0.08441831697440955
83.541902594194	0.08692044750142475
84.75704754874454	0.08953708226439672
85.98986719365665	0.09226671039710177
87.24061861322157	0.09510537281368034
88.50956263110764	0.0980463942533358
89.79696386475084	0.10108036079138041
91.10309078053635	0.10419512558267022
92.42821574978288	0.1073756962987937
93.77261510554118	0.11060385555343571
95.13656920021877	0.11385820926097673
96.52036246404286	0.11711545644333657
97.92428346437356	0.12035283912819912
99.34862496587989	0.12355078660983904
100.79368399159105	0.1266950545248314
102.25976188483567	0.1297777958637627
103.74716437208203	0.1327979485146205
105.25620162669229	0.1357609255654173
106.78718833360406	0.13867816744755523
108.34044375495276	0.14156671420819136
109.9162917966485	0.14444887719736604
111.51506107592134	0.1473521716553936
113.13708498984903	0.15030899439299686
114.78270178488147	0.15335628578084487
116.45225462737648	0.15653532921010774
118.14609167516147	0.1598908848704811
119.86456615013608	0.16346979421756502
121.60803641193078	0.16731821249503592
123.3768660326369	0.1714776798588732
125.17142387262359	0.17598097445634509
126.99208415745765	0.1808488206390867
128.83922655594208	0.18608838466701472
130.71323625928977	0.19169368979595292
132.61450406144883	0.1976474343264888
134.5434264405962	0.20392339938375337
136.50040564181674	0.21048938019579944
138.48584976098482	0.21731096267707017
140.50017282986593	0.22435569465956468
142.5437949024563	0.23159648919533637
144.61714214257822	0.23901295301809028
146.7206469127495	0.24659131108244764
148.8547478643456	0.25432483550029406
151.01989002907314	0.2622130373475542
153.216524911774	0.2702597007286941
155.4451105845792	0.27847120363457417
157.70611178243232	0.28685598596334055
160.00000000000236	0.2954250817837
162.3272535900062	0.3041913415571558
164.6883578629612	0.3131673033834153
167.08380518838874	0.32236277697144955
169.51409509748981	0.3317830262433851
171.97973438731407	0.3414287064016197
174.4812372264439	0.3512980682313917
177.01912526221608	0.36139033314526303
179.5939277295025	0.3717083896349814
182.20618156107355	0.38225947707044106
184.85643149956664	0.3930539120163264
187.54523021108326	0.4041032505915394
190.27313840043846	0.41541847697753875
193.04072492808663	0.4270092122981272
195.84856692874806	0.43888422278887174
198.69724993176072	0.45105326660938466
201.58736798318304	0.46352992669907667
204.5195237696723	0.47633361573528704
207.49432874416505	0.489489253920345
210.5124032533856	0.5030242519066129
213.57437666720915	0.5169633684470081
216.68088750990657	0.5313243792357374
219.83258359329807	0.5461166577900075
223.03012215184378	0.5613431727319806
226.2741699796992	0.5770022975350356
229.5654035697641	0.593088713516015
232.90450925475412	0.6095945468779409
236.2921833503241	0.6265102936376942
239.72913230027333	0.6438232804432987
243.21607282386276	0.6615166460895665
246.75373206527502	0.6795722629638756
250.34284774524843	0.6979760281530918
253.9841683149166	0.7167227846777842
257.67845311188546	0.7358205514916474
261.42647251858085	0.7552930588334263
265.22900812289896	0.7751801752335692
269.08685288119375	0.7955342798086735
273.0008112836349	0.816414764172827
276.97169952197106	0.837882416629833
281.00034565973334	0.8599932706795581
285.0875898049141	0.8827920183300186
289.23428428515797	0.9063072579847902
293.44129382550057	0.93055223732004
297.7094957286928	0.9555296052954689
302.0397800581479	0.9812350884701698
306.4330498235497	1.007658168587382
310.89022116916016	1.0347825319041197
315.41222356486645	1.0625878439640761
320.00000000000654	1.0910521164190405
324.6545071800142	1.1201506944858912
329.3767157259242	1.1498519789746577
334.16761037677935	1.180115788622835
339.02819019498156	1.2108993264127115
343.95946877463007	1.2421679017096736
348.9624744528898	1.2739028884943457
354.03825052443415	1.3061046699495724
359.187855459007	1.3387923790896208
364.4123631221491	1.3720027739348073
369.71286299913527	1.4057886201526308
375.0904604221685	1.4402130039801122
380.54627680087896	1.475339823793731
386.08144985617537	1.511226460854885
391.6971338574982	1.5479215470116703
397.3944998635236	1.5854652301007421
403.1747359663683	1.6238869554565754
409.0390475393468	1.6632024134029808
414.9886574883323	1.7034134516374388
421.0248065067734	1.7445084029663838
427.1487533344206	1.786460722150899
433.3617750198154	1.8292286072927435
439.6651671865984	1.8727559543494914
446.06024430368984	1.9169733847433594
452.54833995940066	1.9618014464990292
459.13080713953053	2.007153284485111
465.8090185095106	2.0529351349227563
472.58436670065066	2.099045904789516
479.45826460054917	2.1453768649645837
486.432145647728	2.1918097855705803
493.50746413055253	2.2382155721511166
500.6856954904994	2.2844581398894634
507.9683366298358	2.3304017401543247
515.3569062237735	2.3759205016535927
522.8529450371643	2.4209027770075897
530.4580162458005	2.465249297666408
538.1737057623901	2.5088699645708266
546.0016225672724	2.5516822319354264
553.9433990439449	2.5936084655677663
562.0006913194694	2.634573894820217
570.1751796098309	2.674504985745739
578.4685685703187	2.7133291951620357
586.8825876510039	2.7509747824138246
595.4189914573883	2.787369688395381
604.0795601162986	2.822441612846001
612.8660996471021	2.856117892224482
621.780442338323	2.8883270187385945
630.8244471297356	2.918999509032753
640.0000000000159	2.9480678609017867
649.3090143600314	2.9754670458025636
658.7534314518515	3.0011348507489695
668.3352207535618	3.025013153077003
678.0563803899662	3.0470489475886247
687.9189375492632	3.067194810147436
697.9249489057827	3.08540941092041
708.0765010488715	3.1016591858135047
718.3757109180171	3.115918856352665
728.8247262443015	3.1281728772843214
739.425725998274	3.138415859885182
750.1809208443404	3.1466546236815285
761.0925536017613	3.152910883791053
772.1628997123541	3.1572240435728425
783.3942677149998	3.15965459402316
794.7889997270506	3.160289722368068
806.34947193274	3.1592498724609266
818.0780950786972	3.1566971821980143
829.9773149766683	3.152844862858374
842.0496130135506	3.1479713045094195
854.2975066688449	3.142433805161775
866.7235500396347	3.136662219333869
879.3303343732008	3.1311465169224393
892.1204886073838	3.1264313799445995
905.0966799188055	3.123103997101011
918.2616142790653	3.121787796113989
931.6180370190256	3.1231398722709707
945.1687334013056	3.1278474681024706
958.9165292011028	3.136619835759954
972.8642912954606	3.1501796472171804
987.0149282611097	3.169249839557329
1001.3713909810035	3.1945354639818206
1015.9366732596762	3.2267095594164688
1030.7138124475518	3.266394108697222
1045.7058900743334	3.3141416801762515
1060.916032491606	3.3704163209634315
1076.3474115247852	3.435576928426001
1092.0032451345498	3.5098634701326272
1107.8867980878947	3.5933879467043246
1124.0013826389438	3.686129051334862
1140.350359219667	3.78792828871533
1156.9371371406426	3.8984936024068406
1173.765175302013	4.0174078938373246
1190.837982914782	4.14413749941855
1208.1591202326028	4.278047329812084
1225.73219929421	4.418420081448019
1243.5608846766518	4.564479550235563
1261.648894259477	4.715414197322156
1280.0000000000375	4.870401663795088
1298.6180287200684	5.028631817286079
1317.5068629037087	5.1893327803519655
1336.6704415071292	5.351793892831502
1356.112760779938	5.515389834801644
1375.8378750985323	5.679601168364602
1395.8498978115715	5.844028160439581
1416.153002097749	6.008400200268436
1436.7514218360407	6.172583699501585
1457.6494524886093	6.336587756324824
1478.8514519965543	6.500560159396395
1500.3618416886875	6.664781683496944
1522.1851072035295	6.829658624481828
1544.3257994247153	6.995706450674531
1566.788535430007	7.16352645843606
1589.5779994541087	7.333777964754219
1612.6989438654878	7.5071448611688965
1636.156190157402	7.684302897289262
1659.9546299533442	7.8658859415992834
1684.099226027109	8.052452930329599
1708.5950133376978	8.244459552177437
1733.4471000792773	8.442236184730902
1758.6606687464096	8.645965752204336
1784.2409772147755	8.855671136691099
1810.193359837619	9.071212580833924
1836.5232285581387	9.292289637312857
1863.2360740380593	9.518453786384798
1890.3374668026197	9.749129933855876
1917.833058402214	9.983646661342544
1945.7285825909298	10.221265834989973
1974.0298565222283	10.461216077545355
2002.7427819620161	10.702733360733118
2031.8733465193618	10.945091784190641
2061.4276248951132	11.187627666352629
2091.411780148677	11.429762024718643
2121.832064983222	11.671011051216018
2152.694823049581	11.910987589892386
2184.0064902691106	12.149397896870074
2215.7735961758003	12.386028739698306
2248.002765277899	12.62072634394666
2280.7007184393456	12.85336739223293
2313.874274281297	13.083818578265157
2347.530350604038	13.311904247121827
2381.6759658295764	13.53737591358395
2416.318240465218	13.759878056736767
2451.4643985884327	13.978931011721592
2487.1217693533167	14.193919411918705
2523.2977885189675	14.40408637311521
2560.0000000000887	14.608532820420525
2597.236057440151	14.806231524432576
2635.0137258074315	14.996054547614625
2673.340883014273	15.176800547407346
2712.225521559891	15.347224965890312
2751.6757501970797	15.506085700540105
2791.699795623158	15.652182573973494
2832.3060041955137	15.784392096641621
2873.502843672097	15.90171483705916
2915.2989049772345	16.00332149541842
2957.7029039931244	16.08858401764669
3000.723683377391	16.157118174143324
3044.370214407075	16.208831939243584
3088.6515988494466	16.243957166550274
3133.57707086003	16.263085758929787
3179.1559989082334	16.267182538667306
3225.3978877309914	16.25758050931241
3272.3123803148205	16.235931062781823
3319.9092599067053	16.204122582290253
3368.198452054235	16.164142909656423
3417.190026675413	16.117898071006813
3466.8942001585724	16.066997624605264
3517.3213374928373	16.012534067369195
3568.4819544295697	15.954885597761914
3620.386719675257	15.893594711149328
3673.0464571162966	15.827334822721102
3726.472148076138	15.753992097117454
3780.6749336052594	15.670899362694408
3835.6661168044484	15.575178726975995
3891.45716518188	15.464146511249586
3948.059713044477	15.335744734806102
4005.4855639240527	15.18889434500755
4063.746693038744	15.023721903006065
4122.855249790247	14.8415915284061
4182.823560297375	14.64493591625446
4243.664129966465	14.436896563219783
4305.389646099183	14.220883415163396
4368.012980538242	14.000119732980925
4431.5471923516225	13.777356449392668
4496.00553055582	13.554849715825547
4561.401436878714	13.334619126727658
4627.748548562617	13.118885433800784
4695.060701208099	12.910500544629645
4763.351931659176	12.713113621982938
4832.63648093046	12.530874860754604
4902.928797176889	12.36765464995103
4974.243538706657	12.225956233874452
5046.595577037959	12.10591017722255
5120.000000000202	12.00475970711214
5194.472114880326	11.917116792034046
5270.027451614888	11.836044991553589
5346.6817660285715	11.754562355995423
5424.451043119808	11.666962508164998
5503.351500394186	11.569481336452323
5583.399591246343	11.460043092727151
5664.612008391055	11.33713017377732
5747.005687344222	11.198316215919299
5830.597809954497	11.039183571851087
5915.405807986278	10.853123761889078
6001.447366754812	10.632361322509848
6088.740428814181	10.369841219401092
6177.303197698925	10.061462411018915
6267.154141720092	9.707864033162585
6358.3119978165005	9.315011009091398
6450.795775462017	8.89310758564921
6544.624760629676	8.454039272354917
6639.818519813445	8.008261638959928
6736.396904108505	7.562727808176008
6834.380053350861	7.1213906569208065
6933.788400317181	6.688621689432222
7034.642674985712	6.273722814427258
7136.963908859177	5.893288177375053
7240.773439350552	5.569421994353772
7346.092914232631	5.325186566226217
7452.944296152315	5.181828327044487
7561.349867210557	5.160331279392694
7671.332233608935	5.282467544767534
7782.914330363799	5.561387478659985
7896.119426088994	5.978716074261419
8010.971127848146	6.461399120377898
8127.49338607753	6.879719633963185
8245.710499580537	7.074830625791582
8365.647120594791	6.904454171837804
8487.328259932974	6.288320956030953
8610.77929219841	5.239211470589586
8736.025961076528	3.868625499900677
8863.094384703289	2.358067158681259
8992.011061111683	0.9007930892284997
9122.802873757471	-0.34936107553977536
9255.497097125279	-1.2809623599566737
9390.121402416245	-1.801209101412037
9526.7038633184	-1.8442150999488875
9665.272961860968	-1.41520011798725
9805.857594353829	-0.6198262958380105
9948.487077413367	0.34679718089652845
10093.19115407597	1.244030489748933
10240.000000000457	1.8528212742610393
10388.944229760706	2.042684090788633
10540.05490322983	1.806270243423669
10693.363532057198	1.245715570402655
10848.902086239672	0.5235045597632781
11006.703000788428	-0.18686430524213588
11166.799182492743	-0.7225923819663247
11329.224016782166	-0.9384599690182135
11494.0113746885	-0.7296319932825079
11661.195619909053	-0.06656520512421094
11830.811615972614	0.9740067220085409
12002.894733509682	2.1850810705389274
12177.48085762842	3.2530324301083047
12354.606395397908	3.8686359370891106
12534.308283440243	3.87632156293365
12716.62399563306	3.359953386433678
12901.591550924093	2.6037175484819213
13089.249521259411	1.9446560751413198
13279.637039626952	1.62413978231393
13472.793808217073	1.742049905528268
13668.760106701786	2.26837630116401
13867.576800634426	3.0316787164498535
14069.285349971487	3.737679501925209
14273.927817718419	4.080102736496937
14481.54687870117	3.8835734089217264
14692.18582846533	3.1800002965933203
14905.888592304698	2.1779764389714447
15122.699734421185	1.1589815646628279
15342.664467217943	0.37460916287884677
15565.828660727671	-0.03137595252907083
15792.238852178061	-0.07163692718427178
16021.942255696367	0.11281396690861417
16254.986772155136	0.2950225407217117
16491.42099916115	0.20224586424533453
16731.294241189662	-0.3193815215178792
16974.65651986603	-1.124098348444831
17221.558584396902	-1.8002600793339611
17472.051922153143	-1.9266409104008746
17726.188769406665	-1.3347443095181926
17984.022122223458	-0.24565620109936584
18245.605747515034	0.7844940460738186
18510.99419425065	1.2935664572648093
18780.242804832582	1.2898099341514049
19053.40772663689	1.0669635604665695
19330.545923722028	0.8294044883549585
19611.71518870775	0.6399728920633053
19896.974154826825	0.49280108426862823
20186.382308152035	0.36570852020769756